VERTEX_ID, WORLD_X, WORLD_Y, WORLD_Z, SCREEN_X, SCREEN_Y, DEPTH
0, 45.86, -968.53, -3.15, 294.63, 1003.90, 206.1984
1, 24.98, -1063.53, -3.15, 1582.60, 1027.18, 191.3847
2, 45.86, -968.53, 67.31, 308.23, 103.43, 210.4999
3, 24.98, -1063.53, 67.31, 1568.91, 58.04, 195.6862
4, 47.62, -969.48, -3.15, 311.15, 1001.28, 208.0118
5, 49.37, -970.43, -3.15, 327.41, 998.71, 209.8215
6, 51.13, -971.38, -3.15, 343.42, 996.19, 211.6272
7, 52.60, -972.53, -3.15, 361.05, 994.07, 213.1666
8, 53.73, -973.91, -3.15, 380.60, 992.43, 214.3764
9, 54.55, -975.30, -3.15, 399.64, 991.20, 215.2866
10, 53.91, -976.75, -3.15, 416.72, 991.93, 214.7428
11, 52.86, -978.00, -3.15, 430.55, 993.25, 213.7692
12, 51.14, -978.85, -3.15, 438.49, 995.52, 212.1127
13, 49.40, -979.68, -3.15, 446.22, 997.85, 210.4292
14, 47.46, -980.20, -3.15, 449.79, 1000.54, 208.5278
15, 45.51, -980.73, -3.15, 453.39, 1003.28, 206.6248
16, 43.56, -981.23, -3.15, 456.81, 1006.09, 204.7125
17, 41.57, -981.63, -3.15, 458.79, 1009.02, 202.7494
18, 39.57, -982.02, -3.15, 460.81, 1012.01, 200.7862
19, 37.57, -982.42, -3.15, 462.86, 1015.06, 198.8228
20, 35.58, -982.79, -3.15, 464.65, 1018.17, 196.8621
21, 33.59, -983.16, -3.15, 466.43, 1021.34, 194.9018
22, 31.60, -983.53, -3.15, 468.24, 1024.57, 192.9414
23, 29.65, -983.93, -3.15, 470.62, 1027.80, 191.0214
24, 27.72, -984.35, -3.15, 473.41, 1031.05, 189.1302
25, 25.80, -984.78, -3.15, 476.25, 1034.36, 187.2386
26, 24.00, -985.30, -3.15, 480.76, 1037.49, 185.4848
27, 22.30, -985.88, -3.15, 486.48, 1040.50, 183.8288
28, 20.71, -986.51, -3.15, 493.08, 1043.37, 182.2831
29, 19.76, -987.39, -3.15, 504.60, 1045.05, 181.3875
30, 19.38, -988.32, -3.15, 517.88, 1045.65, 181.0669
31, 19.95, -989.39, -3.15, 534.56, 1044.44, 181.7097
32, 21.09, -990.36, -3.15, 550.42, 1042.20, 182.9081
33, 22.69, -991.26, -3.15, 565.51, 1039.17, 184.5562
34, 24.28, -992.15, -3.15, 580.37, 1036.21, 186.1974
35, 25.95, -993.05, -3.15, 594.96, 1033.17, 187.9142
36, 27.72, -993.92, -3.15, 609.20, 1030.01, 189.7289
37, 29.48, -994.80, -3.15, 623.17, 1026.92, 191.5436
38, 31.25, -995.68, -3.15, 636.88, 1023.88, 193.3582
39, 32.96, -996.61, -3.15, 651.00, 1020.97, 195.1236
40, 34.52, -997.69, -3.15, 666.87, 1018.36, 196.7402
41, 36.07, -998.78, -3.15, 682.51, 1015.80, 198.3520
42, 37.44, -999.95, -3.15, 699.00, 1013.54, 199.7995
43, 38.47, -1001.30, -3.15, 717.48, 1011.82, 200.9074
44, 39.21, -1002.70, -3.15, 736.23, 1010.57, 201.7283
45, 39.26, -1004.18, -3.15, 755.87, 1010.34, 201.8788
46, 38.73, -1005.54, -3.15, 773.82, 1011.02, 201.4285
47, 37.86, -1006.81, -3.15, 790.70, 1012.23, 200.6415
48, 36.65, -1007.89, -3.15, 805.19, 1013.98, 199.5112
49, 35.43, -1008.93, -3.15, 819.29, 1015.78, 198.3630
50, 34.20, -1009.93, -3.15, 832.96, 1017.63, 197.1983
51, 33.19, -1010.96, -3.15, 847.14, 1019.14, 196.2539
52, 32.40, -1012.01, -3.15, 861.81, 1020.31, 195.5296
53, 32.04, -1013.14, -3.15, 877.30, 1020.78, 195.2419
54, 32.44, -1014.28, -3.15, 892.70, 1020.01, 195.7178
55, 33.11, -1015.41, -3.15, 907.70, 1018.82, 196.4581
56, 34.42, -1016.44, -3.15, 920.74, 1016.63, 197.8287
57, 35.72, -1017.47, -3.15, 933.71, 1014.49, 199.1849
58, 37.39, -1018.36, -3.15, 944.40, 1011.83, 200.9049
59, 39.11, -1019.24, -3.15, 954.61, 1009.13, 202.6750
60, 40.83, -1020.12, -3.15, 964.66, 1006.48, 204.4447
61, 42.54, -1021.05, -3.15, 975.27, 1003.90, 206.2011
62, 44.22, -1022.05, -3.15, 986.58, 1001.38, 207.9397
63, 45.90, -1023.05, -3.15, 997.74, 998.92, 209.6745
64, 47.57, -1024.06, -3.15, 1008.74, 996.49, 211.4052
65, 48.82, -1025.26, -3.15, 1022.50, 994.67, 212.7260
66, 49.60, -1026.68, -3.15, 1039.31, 993.50, 213.5877
67, 50.33, -1028.10, -3.15, 1056.10, 992.38, 214.4093
68, 50.04, -1029.46, -3.15, 1073.33, 992.65, 214.2085
69, 49.38, -1030.80, -3.15, 1090.79, 993.43, 213.6325
70, 48.67, -1032.12, -3.15, 1108.24, 994.28, 213.0114
71, 47.31, -1033.13, -3.15, 1122.86, 996.06, 211.7200
72, 45.95, -1034.13, -3.15, 1137.63, 997.86, 210.4234
73, 44.58, -1035.13, -3.15, 1152.56, 999.70, 209.1218
74, 43.05, -1036.00, -3.15, 1166.32, 1001.79, 207.6534
75, 41.45, -1036.81, -3.15, 1179.70, 1004.02, 206.1147
76, 39.86, -1037.63, -3.15, 1193.27, 1006.29, 204.5754
77, 38.26, -1038.44, -3.15, 1207.05, 1008.59, 203.0356
78, 36.61, -1039.20, -3.15, 1220.41, 1011.00, 201.4423
79, 34.95, -1039.95, -3.15, 1233.85, 1013.48, 199.8363
80, 33.29, -1040.70, -3.15, 1247.50, 1015.99, 198.2304
81, 31.63, -1041.44, -3.15, 1261.37, 1018.55, 196.6244
82, 29.99, -1042.20, -3.15, 1275.51, 1021.11, 195.0404
83, 28.37, -1042.95, -3.15, 1289.92, 1023.69, 193.4705
84, 26.75, -1043.71, -3.15, 1304.56, 1026.31, 191.9005
85, 25.12, -1044.47, -3.15, 1319.44, 1028.98, 190.3303
86, 23.56, -1045.27, -3.15, 1334.90, 1031.57, 188.8285
87, 22.09, -1046.11, -3.15, 1351.06, 1034.04, 187.4175
88, 20.62, -1046.96, -3.15, 1367.46, 1036.56, 186.0053
89, 19.15, -1047.80, -3.15, 1384.10, 1039.11, 184.5920
90, 17.90, -1048.75, -3.15, 1401.66, 1041.28, 183.4071
91, 16.82, -1049.76, -3.15, 1419.91, 1043.17, 182.3886
92, 15.72, -1050.77, -3.15, 1438.36, 1045.09, 181.3622
93, 14.83, -1051.82, -3.15, 1456.93, 1046.65, 180.5417
94, 14.58, -1053.03, -3.15, 1475.39, 1046.99, 180.3640
95, 14.29, -1054.22, -3.15, 1493.93, 1047.38, 180.1583
96, 14.38, -1055.41, -3.15, 1510.89, 1047.07, 180.3174
97, 15.26, -1056.58, -3.15, 1524.32, 1045.27, 181.2668
98, 16.12, -1057.75, -3.15, 1537.74, 1043.53, 182.1955
99, 16.99, -1058.91, -3.15, 1550.91, 1041.78, 183.1362
100, 18.59, -1059.83, -3.15, 1557.37, 1038.75, 184.7891
101, 20.19, -1060.75, -3.15, 1563.77, 1035.78, 186.4384
102, 21.78, -1061.67, -3.15, 1570.10, 1032.87, 188.0843
103, 23.37, -1062.59, -3.15, 1576.37, 1030.02, 189.7270
104, 23.37, -1062.59, 67.31, 1562.70, 52.53, 194.0285
105, 21.78, -1061.67, 67.31, 1556.46, 46.97, 192.3858
106, 20.19, -1060.75, 67.31, 1550.16, 41.31, 190.7400
107, 18.59, -1059.83, 67.31, 1543.79, 35.54, 189.0907
108, 16.99, -1058.91, 67.31, 1537.34, 29.65, 187.4377
109, 16.12, -1057.75, 67.31, 1524.42, 26.25, 186.4970
110, 15.26, -1056.58, 67.31, 1511.24, 22.86, 185.5684
111, 14.38, -1055.41, 67.31, 1498.05, 19.37, 184.6189
112, 14.29, -1054.22, 67.31, 1481.48, 18.78, 184.4599
113, 14.58, -1053.03, 67.31, 1463.38, 19.54, 184.6655
114, 14.83, -1051.82, 67.31, 1445.36, 20.20, 184.8432
115, 15.72, -1050.77, 67.31, 1427.27, 23.21, 185.6637
116, 16.82, -1049.76, 67.31, 1409.32, 26.95, 186.6901
117, 17.90, -1048.75, 67.31, 1391.54, 30.62, 187.7086
118, 19.15, -1047.80, 67.31, 1374.44, 34.84, 188.8935
119, 20.62, -1046.96, 67.31, 1358.25, 39.80, 190.3068
120, 22.09, -1046.11, 67.31, 1342.29, 44.69, 191.7190
121, 23.56, -1045.27, 67.31, 1326.55, 49.50, 193.1300
122, 25.12, -1044.47, 67.31, 1311.49, 54.54, 194.6318
123, 26.75, -1043.71, 67.31, 1297.00, 59.73, 196.2020
124, 28.37, -1042.95, 67.31, 1282.74, 64.84, 197.7720
125, 29.99, -1042.20, 67.31, 1268.70, 69.87, 199.3419
126, 31.63, -1041.44, 67.31, 1254.91, 74.86, 200.9259
127, 33.29, -1040.70, 67.31, 1241.39, 79.84, 202.5318
128, 34.95, -1039.95, 67.31, 1228.08, 84.74, 204.1378
129, 36.61, -1039.20, 67.31, 1214.97, 89.57, 205.7438
130, 38.26, -1038.44, 67.31, 1201.92, 94.29, 207.3371
131, 39.86, -1037.63, 67.31, 1188.47, 98.77, 208.8769
132, 41.45, -1036.81, 67.31, 1175.21, 103.19, 210.4162
133, 43.05, -1036.00, 67.31, 1162.13, 107.55, 211.9549
134, 44.58, -1035.13, 67.31, 1148.68, 111.65, 213.4233
135, 45.95, -1034.13, 67.31, 1134.07, 115.23, 214.7249
136, 47.31, -1033.13, 67.31, 1119.61, 118.76, 216.0215
137, 48.67, -1032.12, 67.31, 1105.31, 122.23, 217.3129
138, 49.38, -1030.80, 67.31, 1088.21, 123.89, 217.9341
139, 50.04, -1029.46, 67.31, 1071.10, 125.42, 218.5100
140, 50.33, -1028.10, 67.31, 1054.21, 125.95, 218.7108
141, 49.60, -1026.68, 67.31, 1037.75, 123.77, 217.8893
142, 48.82, -1025.26, 67.31, 1021.26, 121.47, 217.0275
143, 47.57, -1024.06, 67.31, 1007.77, 117.91, 215.7067
144, 45.90, -1023.05, 67.31, 996.98, 113.17, 213.9761
145, 44.22, -1022.05, 67.31, 986.05, 108.35, 212.2413
146, 42.54, -1021.05, 67.31, 974.96, 103.44, 210.5026
147, 40.83, -1020.12, 67.31, 964.56, 98.39, 208.7463
148, 39.11, -1019.24, 67.31, 954.73, 93.22, 206.9765
149, 37.39, -1018.36, 67.31, 944.72, 87.96, 205.2064
150, 35.72, -1017.47, 67.31, 934.26, 82.76, 203.4864
151, 34.42, -1016.44, 67.31, 921.58, 78.60, 202.1303
152, 33.11, -1015.41, 67.31, 908.82, 74.34, 200.7597
153, 32.44, -1014.28, 67.31, 894.15, 72.01, 200.0194
154, 32.04, -1013.14, 67.31, 879.08, 70.51, 199.5434
155, 32.40, -1012.01, 67.31, 863.92, 71.42, 199.8311
156, 33.19, -1010.96, 67.31, 849.57, 73.70, 200.5554
157, 34.20, -1009.93, 67.31, 835.67, 76.65, 201.4998
158, 35.43, -1008.93, 67.31, 822.28, 80.25, 202.6645
159, 36.65, -1007.89, 67.31, 808.45, 83.76, 203.8127
160, 37.86, -1006.81, 67.31, 794.26, 87.17, 204.9430
161, 38.73, -1005.54, 67.31, 777.71, 89.53, 205.7300
162, 39.26, -1004.18, 67.31, 760.13, 90.87, 206.1804
163, 39.21, -1002.70, 67.31, 740.90, 90.42, 206.0298
164, 38.47, -1001.30, 67.31, 722.57, 87.97, 205.2090
165, 37.44, -999.95, 67.31, 704.50, 84.63, 204.1010
166, 36.07, -998.78, 67.31, 688.40, 80.21, 202.6535
167, 34.52, -997.69, 67.31, 673.14, 75.22, 201.0418
168, 32.96, -996.61, 67.31, 657.67, 70.13, 199.4251
169, 31.25, -995.68, 67.31, 643.91, 64.48, 197.6597
170, 29.48, -994.80, 67.31, 630.57, 58.56, 195.8451
171, 27.72, -993.92, 67.31, 616.97, 52.53, 194.0305
172, 25.95, -993.05, 67.31, 603.13, 46.39, 192.2157
173, 24.28, -992.15, 67.31, 588.94, 40.47, 190.4990
174, 22.69, -991.26, 67.31, 574.49, 34.71, 188.8578
175, 21.09, -990.36, 67.31, 559.83, 28.83, 187.2096
176, 19.95, -989.39, 67.31, 544.40, 24.48, 186.0112
177, 19.38, -988.32, 67.31, 528.14, 22.13, 185.3685
178, 19.76, -987.39, 67.31, 515.15, 23.31, 185.6890
179, 20.71, -986.51, 67.31, 503.84, 26.57, 186.5846
180, 22.30, -985.88, 67.31, 497.31, 32.13, 188.1303
181, 24.00, -985.30, 67.31, 491.62, 37.98, 189.7863
182, 25.80, -984.78, 67.31, 487.12, 44.07, 191.5400
183, 27.72, -984.35, 67.31, 484.23, 50.52, 193.4317
184, 29.65, -983.93, 67.31, 481.39, 56.84, 195.3228
185, 31.60, -983.53, 67.31, 478.97, 63.13, 197.2429
186, 33.59, -983.16, 67.31, 477.09, 69.43, 199.2032
187, 35.58, -982.79, 67.31, 475.24, 75.60, 201.1636
188, 37.57, -982.42, 67.31, 473.39, 81.66, 203.1243
189, 39.57, -982.02, 67.31, 471.28, 87.61, 205.0877
190, 41.57, -981.63, 67.31, 469.21, 93.44, 207.0509
191, 43.56, -981.23, 67.31, 467.17, 99.17, 209.0140
192, 45.51, -980.73, 67.31, 463.73, 104.64, 210.9263
193, 47.46, -980.20, 67.31, 460.10, 110.00, 212.8293
194, 49.40, -979.68, 67.31, 456.52, 115.25, 214.7307
195, 51.14, -978.85, 67.31, 448.85, 119.82, 216.4142
196, 52.86, -978.00, 67.31, 440.99, 124.25, 218.0707
197, 53.91, -976.75, 67.31, 427.39, 126.82, 219.0443
198, 54.55, -975.30, 67.31, 410.61, 128.25, 219.5881
199, 53.73, -973.91, 67.31, 392.00, 125.86, 218.6779
200, 52.60, -972.53, 67.31, 372.90, 122.65, 217.4681
201, 51.13, -971.39, 67.31, 355.71, 118.51, 215.9288
202, 49.37, -970.43, 67.31, 340.12, 113.58, 214.1230
203, 47.62, -969.48, 67.31, 324.30, 108.55, 212.3133
204, 24.16, -1063.06, -3.15, 1579.47, 1028.61, 190.5473
205, 46.74, -969.00, 67.31, 316.29, 106.01, 211.4070
206, 46.74, -969.00, -3.15, 302.92, 1002.58, 207.1055
207, 48.50, -969.95, -3.15, 319.31, 999.99, 208.9171
208, 50.25, -970.91, -3.15, 335.45, 997.44, 210.7249
209, 52.00, -971.86, -3.15, 351.33, 994.94, 212.5285
210, 53.17, -973.22, -3.15, 370.85, 993.24, 213.7784
211, 54.27, -974.60, -3.15, 390.30, 991.64, 214.9597
212, 54.25, -976.03, -3.15, 408.22, 991.55, 215.0307
213, 53.55, -977.47, -3.15, 425.08, 992.36, 214.4237
214, 52.00, -978.42, -3.15, 434.53, 994.37, 212.9438
215, 50.27, -979.27, -3.15, 442.43, 996.67, 211.2763
216, 48.43, -979.94, -3.15, 448.00, 999.19, 209.4787
217, 46.48, -980.47, -3.15, 451.59, 1001.91, 207.5765
218, 44.54, -980.99, -3.15, 455.21, 1004.67, 205.6727
219, 42.56, -981.43, -3.15, 457.80, 1007.54, 203.7310
220, 40.57, -981.82, -3.15, 459.80, 1010.51, 201.7678
221, 38.57, -982.22, -3.15, 461.83, 1013.53, 199.8045
222, 36.58, -982.60, -3.15, 463.77, 1016.61, 197.8423
223, 34.59, -982.97, -3.15, 465.54, 1019.74, 195.8819
224, 32.59, -983.34, -3.15, 467.33, 1022.94, 193.9216
225, 30.61, -983.72, -3.15, 469.24, 1026.20, 191.9667
226, 28.68, -984.14, -3.15, 472.01, 1029.42, 190.0759
227, 26.76, -984.57, -3.15, 474.83, 1032.70, 188.1844
228, 24.85, -985.00, -3.15, 477.89, 1036.01, 186.3097
229, 23.15, -985.59, -3.15, 483.62, 1038.99, 184.6579
230, 21.45, -986.17, -3.15, 489.33, 1042.04, 182.9974
231, 20.25, -986.96, -3.15, 498.94, 1044.18, 181.8498
232, 19.23, -987.82, -3.15, 510.11, 1045.98, 180.8940
233, 19.68, -988.86, -3.15, 526.24, 1045.01, 181.4068
234, 20.29, -989.92, -3.15, 542.79, 1043.74, 182.0811
235, 21.89, -990.81, -3.15, 557.99, 1040.68, 183.7331
236, 23.49, -991.71, -3.15, 572.97, 1037.69, 185.3777
237, 25.08, -992.61, -3.15, 587.73, 1034.75, 187.0157
238, 26.83, -993.48, -3.15, 602.11, 1031.58, 188.8216
239, 28.60, -994.36, -3.15, 616.22, 1028.46, 190.6363
240, 30.37, -995.24, -3.15, 630.06, 1025.39, 192.4509
241, 32.13, -996.12, -3.15, 643.64, 1022.38, 194.2654
242, 33.74, -997.15, -3.15, 658.97, 1019.66, 195.9325
243, 35.29, -998.24, -3.15, 674.72, 1017.08, 197.5468
244, 36.84, -999.32, -3.15, 690.25, 1014.54, 199.1559
245, 37.96, -1000.63, -3.15, 708.26, 1012.67, 200.3570
246, 38.97, -1001.98, -3.15, 726.67, 1010.99, 201.4505
247, 39.24, -1003.44, -3.15, 746.06, 1010.44, 201.8112
248, 39.13, -1004.89, -3.15, 765.24, 1010.47, 201.7913
249, 38.31, -1006.18, -3.15, 782.40, 1011.59, 201.0574
250, 37.26, -1007.35, -3.15, 797.93, 1013.10, 200.0770
251, 36.05, -1008.43, -3.15, 812.48, 1014.87, 198.9442
252, 34.82, -1009.43, -3.15, 826.11, 1016.70, 197.7807
253, 33.67, -1010.44, -3.15, 840.00, 1018.42, 196.7042
254, 32.70, -1011.47, -3.15, 854.30, 1019.88, 195.7993
255, 32.22, -1012.58, -3.15, 869.56, 1020.53, 195.3946
256, 32.16, -1013.71, -3.15, 885.01, 1020.53, 195.3978
257, 32.71, -1014.86, -3.15, 900.40, 1019.52, 196.0213
258, 33.77, -1015.92, -3.15, 914.24, 1017.71, 197.1453
259, 35.07, -1016.95, -3.15, 927.23, 1015.55, 198.5085
260, 36.53, -1017.93, -3.15, 939.22, 1013.19, 200.0197
261, 38.25, -1018.80, -3.15, 949.53, 1010.47, 201.7899
262, 39.97, -1019.68, -3.15, 959.66, 1007.80, 203.5599
263, 41.69, -1020.56, -3.15, 969.62, 1005.17, 205.3295
264, 43.38, -1021.55, -3.15, 980.95, 1002.63, 207.0709
265, 45.06, -1022.55, -3.15, 992.18, 1000.14, 208.8076
266, 46.73, -1023.56, -3.15, 1003.26, 997.70, 210.5404
267, 48.41, -1024.56, -3.15, 1014.19, 995.30, 212.2689
268, 49.21, -1025.97, -3.15, 1030.90, 994.08, 213.1617
269, 49.97, -1027.39, -3.15, 1047.71, 992.93, 214.0037
270, 50.36, -1028.79, -3.15, 1064.62, 992.28, 214.4846
271, 49.71, -1030.13, -3.15, 1082.05, 993.04, 213.9245
272, 49.04, -1031.47, -3.15, 1099.55, 993.84, 213.3329
273, 47.99, -1032.62, -3.15, 1115.53, 995.17, 212.3664
274, 46.63, -1033.63, -3.15, 1130.22, 996.96, 211.0724
275, 45.26, -1034.63, -3.15, 1145.08, 998.78, 209.7732
276, 43.85, -1035.59, -3.15, 1159.71, 1000.69, 208.4226
277, 42.25, -1036.41, -3.15, 1172.98, 1002.91, 206.8841
278, 40.65, -1037.22, -3.15, 1186.46, 1005.15, 205.3451
279, 39.06, -1038.04, -3.15, 1200.14, 1007.43, 203.8056
280, 37.44, -1038.83, -3.15, 1213.78, 1009.78, 202.2453
281, 35.78, -1039.58, -3.15, 1227.10, 1012.24, 200.6393
282, 34.12, -1040.32, -3.15, 1240.64, 1014.73, 199.0333
283, 32.46, -1041.07, -3.15, 1254.40, 1017.27, 197.4274
284, 30.81, -1041.82, -3.15, 1268.39, 1019.84, 195.8254
285, 29.18, -1042.58, -3.15, 1282.68, 1022.39, 194.2555
286, 27.56, -1043.33, -3.15, 1297.21, 1025.00, 192.6855
287, 25.93, -1044.09, -3.15, 1311.97, 1027.64, 191.1154
288, 24.31, -1044.85, -3.15, 1326.97, 1030.33, 189.5452
289, 22.83, -1045.69, -3.15, 1342.95, 1032.80, 188.1231
290, 21.36, -1046.54, -3.15, 1359.23, 1035.30, 186.7115
291, 19.89, -1047.38, -3.15, 1375.75, 1037.83, 185.2988
292, 18.44, -1048.24, -3.15, 1392.60, 1040.35, 183.9136
293, 17.36, -1049.25, -3.15, 1410.76, 1042.22, 182.8988
294, 16.27, -1050.26, -3.15, 1429.11, 1044.13, 181.8764
295, 15.17, -1051.27, -3.15, 1447.65, 1046.07, 180.8461
296, 14.71, -1052.43, -3.15, 1466.15, 1046.81, 180.4563
297, 14.44, -1053.63, -3.15, 1484.64, 1047.18, 180.2647
298, 14.14, -1054.82, -3.15, 1503.25, 1047.60, 180.0450
299, 14.82, -1055.99, -3.15, 1517.61, 1046.17, 180.7948
300, 15.69, -1057.16, -3.15, 1531.03, 1044.39, 181.7337
301, 16.54, -1058.33, -3.15, 1544.46, 1042.68, 182.6525
302, 17.79, -1059.37, -3.15, 1554.15, 1040.26, 183.9631
303, 19.39, -1060.29, -3.15, 1560.58, 1037.26, 185.6142
304, 20.98, -1061.21, -3.15, 1566.94, 1034.32, 187.2618
305, 22.58, -1062.13, -3.15, 1573.24, 1031.44, 188.9060
306, 24.16, -1063.06, 67.31, 1565.80, 55.26, 194.8488
307, 22.58, -1062.13, 67.31, 1559.59, 49.76, 193.2075
308, 20.98, -1061.21, 67.31, 1553.32, 44.15, 191.5633
309, 19.39, -1060.29, 67.31, 1546.98, 38.44, 189.9158
310, 17.79, -1059.37, 67.31, 1540.57, 32.61, 188.2646
311, 16.54, -1058.33, 67.31, 1531.01, 27.91, 186.9540
312, 15.69, -1057.16, 67.31, 1517.83, 24.57, 186.0352
313, 14.82, -1055.99, 67.31, 1504.65, 21.13, 185.0963
314, 14.14, -1054.82, 67.31, 1490.58, 18.36, 184.3465
315, 14.44, -1053.63, 67.31, 1472.42, 19.17, 184.5662
316, 14.71, -1052.43, 67.31, 1454.37, 19.88, 184.7578
317, 15.17, -1051.27, 67.31, 1436.32, 21.32, 185.1476
318, 16.27, -1050.26, 67.31, 1418.27, 25.09, 186.1779
319, 17.36, -1049.25, 67.31, 1400.41, 28.79, 187.2003
320, 18.44, -1048.24, 67.31, 1382.71, 32.43, 188.2151
321, 19.89, -1047.38, 67.31, 1366.31, 37.33, 189.6003
322, 21.36, -1046.54, 67.31, 1350.24, 42.25, 191.0130
323, 22.83, -1045.69, 67.31, 1334.39, 47.10, 192.4246
324, 24.31, -1044.85, 67.31, 1318.83, 51.91, 193.8467
325, 25.93, -1044.09, 67.31, 1304.22, 57.15, 195.4169
326, 27.56, -1043.33, 67.31, 1289.84, 62.30, 196.9870
327, 29.18, -1042.58, 67.31, 1275.70, 67.36, 198.5570
328, 30.81, -1041.82, 67.31, 1261.77, 72.35, 200.1268
329, 32.46, -1041.07, 67.31, 1248.13, 77.36, 201.7289
330, 34.12, -1040.32, 67.31, 1234.71, 82.30, 203.3348
331, 35.78, -1039.58, 67.31, 1221.50, 87.17, 204.9408
332, 37.44, -1038.83, 67.31, 1208.49, 91.96, 206.5467
333, 39.06, -1038.04, 67.31, 1195.17, 96.54, 208.1071
334, 40.65, -1037.22, 67.31, 1181.81, 100.99, 209.6466
335, 42.25, -1036.41, 67.31, 1168.65, 105.38, 211.1856
336, 43.85, -1035.59, 67.31, 1155.67, 109.70, 212.7241
337, 45.26, -1034.63, 67.31, 1141.36, 113.45, 214.0747
338, 46.63, -1033.63, 67.31, 1126.82, 117.00, 215.3739
339, 47.99, -1032.62, 67.31, 1112.44, 120.50, 216.6679
340, 49.04, -1031.47, 67.31, 1096.79, 123.09, 217.6344
341, 49.71, -1030.13, 67.31, 1079.65, 124.66, 218.2260
342, 50.36, -1028.79, 67.31, 1062.56, 126.14, 218.7861
343, 49.97, -1027.39, 67.31, 1045.98, 124.87, 218.3052
344, 49.21, -1025.97, 67.31, 1029.50, 122.63, 217.4632
345, 48.41, -1024.56, 67.31, 1013.11, 120.24, 216.5704
346, 46.73, -1023.56, 67.31, 1002.40, 115.55, 214.8419
347, 45.06, -1022.55, 67.31, 991.53, 110.78, 213.1092
348, 43.38, -1021.55, 67.31, 980.52, 105.91, 211.3724
349, 41.69, -1020.56, 67.31, 969.42, 100.95, 209.6310
350, 39.97, -1019.68, 67.31, 959.66, 95.82, 207.8614
351, 38.25, -1018.80, 67.31, 949.75, 90.61, 206.0915
352, 36.53, -1017.93, 67.31, 939.66, 85.30, 204.3212
353, 35.07, -1016.95, 67.31, 927.93, 80.70, 202.8100
354, 33.77, -1015.92, 67.31, 915.21, 76.48, 201.4469
355, 32.71, -1014.86, 67.31, 901.68, 72.97, 200.3228
356, 32.16, -1013.71, 67.31, 886.62, 71.00, 199.6993
357, 32.22, -1012.58, 67.31, 871.51, 70.99, 199.6961
358, 32.70, -1011.47, 67.31, 856.57, 72.27, 200.1008
359, 33.67, -1010.44, 67.31, 842.57, 75.11, 201.0057
360, 34.82, -1009.43, 67.31, 828.96, 78.45, 202.0822
361, 36.05, -1008.43, 67.31, 815.60, 82.03, 203.2457
362, 37.26, -1007.35, 67.31, 801.34, 85.47, 204.3785
363, 38.31, -1006.18, 67.31, 786.12, 88.42, 205.3589
364, 39.13, -1004.89, 67.31, 769.31, 90.61, 206.0928
365, 39.24, -1003.44, 67.31, 750.53, 90.67, 206.1127
366, 38.97, -1001.98, 67.31, 731.55, 89.59, 205.7520
367, 37.96, -1000.63, 67.31, 713.55, 86.32, 204.6585
368, 36.84, -999.32, 67.31, 695.95, 82.68, 203.4574
369, 35.29, -998.24, 67.31, 680.80, 77.73, 201.8483
370, 33.74, -997.15, 67.31, 665.43, 72.69, 200.2341
371, 32.13, -996.12, 67.31, 650.49, 67.39, 198.5669
372, 30.37, -995.24, 67.31, 637.27, 61.53, 196.7524
373, 28.60, -994.36, 67.31, 623.80, 55.56, 194.9378
374, 26.83, -993.48, 67.31, 610.08, 49.48, 193.1231
375, 25.08, -992.61, 67.31, 596.10, 43.31, 191.3172
376, 23.49, -991.71, 67.31, 581.74, 37.61, 189.6792
377, 21.89, -990.81, 67.31, 567.19, 31.79, 188.0346
378, 20.29, -989.92, 67.31, 552.42, 25.84, 186.3827
379, 19.68, -988.86, 67.31, 536.29, 23.38, 185.7083
380, 19.23, -987.82, 67.31, 520.56, 21.50, 185.1955
381, 20.25, -986.96, 67.31, 509.59, 24.99, 186.1513
382, 21.45, -986.17, 67.31, 500.14, 29.15, 187.2989
383, 23.15, -985.59, 67.31, 494.47, 35.07, 188.9594
384, 24.85, -985.00, 67.31, 488.77, 40.86, 190.6112
385, 26.76, -984.57, 67.31, 485.67, 47.31, 192.4859
386, 28.68, -984.14, 67.31, 482.81, 53.69, 194.3773
387, 30.61, -983.72, 67.31, 479.99, 59.95, 196.2682
388, 32.59, -983.34, 67.31, 478.02, 66.29, 198.2231
389, 34.59, -982.97, 67.31, 476.16, 72.53, 200.1834
390, 36.58, -982.60, 67.31, 474.33, 78.64, 202.1438
391, 38.57, -982.22, 67.31, 472.33, 84.65, 204.1060
392, 40.57, -981.82, 67.31, 470.24, 90.54, 206.0693
393, 42.56, -981.43, 67.31, 468.18, 96.32, 208.0325
394, 44.54, -980.99, 67.31, 465.55, 101.93, 209.9742
395, 46.48, -980.47, 67.31, 461.91, 107.33, 211.8780
396, 48.43, -979.94, 67.31, 458.30, 112.63, 213.7802
397, 50.27, -979.27, 67.31, 452.75, 117.56, 215.5778
398, 52.00, -978.42, 67.31, 444.93, 122.05, 217.2453
399, 53.55, -977.47, 67.31, 435.60, 125.98, 218.7252
400, 54.25, -976.03, 67.31, 419.05, 127.58, 219.3322
401, 54.27, -974.60, 67.31, 401.48, 127.39, 219.2612
402, 53.17, -973.22, 67.31, 382.47, 124.28, 218.0799
403, 52.00, -971.86, 67.31, 363.41, 120.94, 216.8300
404, 50.25, -970.91, 67.31, 347.94, 116.06, 215.0264
405, 48.50, -969.95, 67.31, 332.24, 111.08, 213.2186

----顶点之间的归一化距离----
SEGMENT_INDEX, NORMALIZED_DISTANCE
0, 0.062148
1, 0.076741
2, 0.062148
3, 0.076467
4, 0.001277
5, 0.001275
6, 0.001193
7, 0.001136
8, 0.001035
9, 0.001014
10, 0.001042
11, 0.001225
12, 0.001234
13, 0.001285
14, 0.001286
15, 0.001288
16, 0.001300
17, 0.001300
18, 0.001300
19, 0.001295
20, 0.001294
21, 0.001294
22, 0.001274
23, 0.001260
24, 0.001260
25, 0.001193
26, 0.001149
27, 0.001093
28, 0.000830
29, 0.000645
30, 0.000776
31, 0.000957
32, 0.001170
33, 0.001167
34, 0.001208
35, 0.001260
36, 0.001260
37, 0.001260
38, 0.001246
39, 0.001211
40, 0.001209
41, 0.001157
42, 0.001084
43, 0.001007
44, 0.000947
45, 0.000934
46, 0.000985
47, 0.001034
48, 0.001024
49, 0.001013
50, 0.000922
51, 0.000845
52, 0.000754
53, 0.000775
54, 0.000840
55, 0.001064
56, 0.001059
57, 0.001211
58, 0.001234
59, 0.001234
60, 0.001241
61, 0.001250
62, 0.001249
63, 0.001247
64, 0.001108
65, 0.001033
66, 0.001023
67, 0.000889
68, 0.000953
69, 0.000957
70, 0.001080
71, 0.001082
72, 0.001084
73, 0.001124
74, 0.001145
75, 0.001146
76, 0.001146
77, 0.001159
78, 0.001163
79, 0.001163
80, 0.001163
81, 0.001152
82, 0.001145
83, 0.001145
84, 0.001145
85, 0.001118
86, 0.001084
87, 0.001084
88, 0.001085
89, 0.001000
90, 0.000949
91, 0.000952
92, 0.000883
93, 0.000785
94, 0.000786
95, 0.000760
96, 0.000933
97, 0.000927
98, 0.000929
99, 0.001179
100, 0.001178
101, 0.001176
102, 0.001175
103, 0.045020
104, 0.001175
105, 0.001176
106, 0.001178
107, 0.001179
108, 0.000929
109, 0.000927
110, 0.000933
111, 0.000760
112, 0.000786
113, 0.000785
114, 0.000883
115, 0.000951
116, 0.000949
117, 0.001000
118, 0.001085
119, 0.001084
120, 0.001084
121, 0.001118
122, 0.001145
123, 0.001145
124, 0.001145
125, 0.001152
126, 0.001163
127, 0.001163
128, 0.001163
129, 0.001159
130, 0.001146
131, 0.001146
132, 0.001145
133, 0.001124
134, 0.001084
135, 0.001082
136, 0.001080
137, 0.000957
138, 0.000953
139, 0.000889
140, 0.001023
141, 0.001033
142, 0.001108
143, 0.001247
144, 0.001249
145, 0.001250
146, 0.001241
147, 0.001234
148, 0.001234
149, 0.001211
150, 0.001059
151, 0.001064
152, 0.000840
153, 0.000775
154, 0.000754
155, 0.000845
156, 0.000922
157, 0.001013
158, 0.001024
159, 0.001034
160, 0.000985
161, 0.000934
162, 0.000947
163, 0.001007
164, 0.001084
165, 0.001157
166, 0.001209
167, 0.001211
168, 0.001246
169, 0.001260
170, 0.001260
171, 0.001260
172, 0.001208
173, 0.001167
174, 0.001170
175, 0.000957
176, 0.000776
177, 0.000645
178, 0.000830
179, 0.001093
180, 0.001149
181, 0.001193
182, 0.001260
183, 0.001260
184, 0.001274
185, 0.001294
186, 0.001294
187, 0.001295
188, 0.001300
189, 0.001300
190, 0.001300
191, 0.001288
192, 0.001286
193, 0.001285
194, 0.001234
195, 0.001225
196, 0.001042
197, 0.001013
198, 0.001035
199, 0.001136
200, 0.001193
201, 0.001275
202, 0.001277
203, 0.076330
204, 0.076460
205, 0.045020
206, 0.001277
207, 0.001276
208, 0.001274
209, 0.001144
210, 0.001127
211, 0.000915
212, 0.001023
213, 0.001161
214, 0.001229
215, 0.001256
216, 0.001285
217, 0.001286
218, 0.001294
219, 0.001300
220, 0.001300
221, 0.001298
222, 0.001294
223, 0.001294
224, 0.001291
225, 0.001260
226, 0.001260
227, 0.001251
228, 0.001147
229, 0.001150
230, 0.000916
231, 0.000850
232, 0.000724
233, 0.000782
234, 0.001171
235, 0.001168
236, 0.001166
237, 0.001255
238, 0.001260
239, 0.001260
240, 0.001260
241, 0.001221
242, 0.001210
243, 0.001208
244, 0.001100
245, 0.001080
246, 0.000946
247, 0.000928
248, 0.000981
249, 0.001006
250, 0.001034
251, 0.001013
252, 0.000975
253, 0.000906
254, 0.000770
255, 0.000723
256, 0.000816
257, 0.000961
258, 0.001061
259, 0.001119
260, 0.001234
261, 0.001234
262, 0.001234
263, 0.001250
264, 0.001250
265, 0.001248
266, 0.001246
267, 0.001037
268, 0.001029
269, 0.000931
270, 0.000950
271, 0.000955
272, 0.000996
273, 0.001081
274, 0.001083
275, 0.001094
276, 0.001145
277, 0.001145
278, 0.001146
279, 0.001151
280, 0.001163
281, 0.001163
282, 0.001163
283, 0.001161
284, 0.001145
285, 0.001145
286, 0.001145
287, 0.001145
288, 0.001088
289, 0.001084
290, 0.001084
291, 0.001073
292, 0.000948
293, 0.000950
294, 0.000953
295, 0.000794
296, 0.000785
297, 0.000788
298, 0.000865
299, 0.000930
300, 0.000925
301, 0.001038
302, 0.001178
303, 0.001177
304, 0.001176
305, 0.045035
306, 0.001175
307, 0.001176
308, 0.001177
309, 0.001178
310, 0.001038
311, 0.000925
312, 0.000930
313, 0.000865
314, 0.000788
315, 0.000785
316, 0.000794
317, 0.000953
318, 0.000950
319, 0.000948
320, 0.001073
321, 0.001084
322, 0.001084
323, 0.001088
324, 0.001145
325, 0.001145
326, 0.001145
327, 0.001145
328, 0.001161
329, 0.001163
330, 0.001163
331, 0.001163
332, 0.001151
333, 0.001146
334, 0.001145
335, 0.001145
336, 0.001094
337, 0.001083
338, 0.001081
339, 0.000996
340, 0.000955
341, 0.000950
342, 0.000932
343, 0.001029
344, 0.001037
345, 0.001246
346, 0.001248
347, 0.001250
348, 0.001250
349, 0.001234
350, 0.001234
351, 0.001234
352, 0.001119
353, 0.001061
354, 0.000961
355, 0.000816
356, 0.000723
357, 0.000770
358, 0.000906
359, 0.000975
360, 0.001013
361, 0.001034
362, 0.001006
363, 0.000981
364, 0.000928
365, 0.000946
366, 0.001080
367, 0.001100
368, 0.001208
369, 0.001210
370, 0.001221
371, 0.001260
372, 0.001260
373, 0.001260
374, 0.001255
375, 0.001166
376, 0.001168
377, 0.001171
378, 0.000782
379, 0.000724
380, 0.000850
381, 0.000916
382, 0.001150
383, 0.001147
384, 0.001251
385, 0.001260
386, 0.001260
387, 0.001291
388, 0.001294
389, 0.001294
390, 0.001298
391, 0.001300
392, 0.001300
393, 0.001294
394, 0.001286
395, 0.001285
396, 0.001256
397, 0.001229
398, 0.001161
399, 0.001023
400, 0.000915
401, 0.001127
402, 0.001144
403, 0.001274
404, 0.001276
